"depth (m) ","u (m/s)   ","v (m/s)   ","T (°C)   ","S (g/kg)  ","k (J/kg)  ","eps (W/kg)","num (m2/s)","nuh (m2/s)"
0.000000000000000E+00,8.453294284028738E-02,-5.289196092622350E-02,2.549969838189972E+00,2.999999999999787E-06,3.274554697521556E-05,2.938984706032820E-07,6.592134546680937E-04,4.342438430574932E-04
-1.260000000000003E-01,8.453294284028738E-02,-5.289196092622350E-02,2.549969838189972E+00,2.999999999999787E-06,3.274554697521556E-05,2.522758207305444E-07,5.715849272126612E-04,5.200158063653197E-04
-2.519999999999998E-01,8.194973432955041E-02,-5.279990848626353E-02,2.550486304685986E+00,2.999999999999787E-06,3.274554697521556E-05,2.106531708578072E-07,4.839563997572293E-04,6.057877696731455E-04
-3.780000000000001E-01,7.936652581881341E-02,-5.270785604630356E-02,2.551002771182001E+00,2.999999999999786E-06,3.173192614296231E-05,1.746326712090624E-07,5.648034906809851E-04,7.072412805712574E-04
-5.039999999999996E-01,7.754283977896513E-02,-5.258416412691086E-02,2.551311598756049E+00,2.999999999999786E-06,3.071830531070906E-05,1.386121715603180E-07,6.456505816047403E-04,8.086947914693684E-04
-6.299999999999999E-01,7.571915373911685E-02,-5.246047220751816E-02,2.551620426330098E+00,2.999999999999786E-06,2.966708367682323E-05,1.206455371450958E-07,7.008909927853557E-04,8.780336219732525E-04
-7.560000000000002E-01,7.427286834796450E-02,-5.231625085219903E-02,2.551822912640341E+00,2.999999999999786E-06,2.861586204293740E-05,1.026789027298736E-07,7.561314039659710E-04,9.473724524771365E-04
-8.819999999999997E-01,7.282658295681214E-02,-5.217202949687991E-02,2.552025398950585E+00,2.999999999999786E-06,2.752020367152595E-05,9.182531902110290E-08,7.873815017606953E-04,9.866356638237480E-04
-1.008000000000000E+00,7.157900956108171E-02,-5.200644751068635E-02,2.552163138773386E+00,2.999999999999786E-06,2.642454530011450E-05,8.097173531233208E-08,8.186315995554199E-04,1.025898875170360E-03
-1.133999999999999E+00,7.033143616535129E-02,-5.184086552449280E-02,2.552300878596187E+00,2.999999999999786E-06,2.539625327873190E-05,7.402712224381872E-08,8.306585521837815E-04,1.041076219652616E-03
-1.260000000000000E+00,6.920066618822901E-02,-5.165149544551378E-02,2.552391401858526E+00,2.999999999999786E-06,2.436796125734928E-05,6.708250917530531E-08,8.426855048121433E-04,1.056253564134873E-03
-1.386000000000000E+00,6.806989621110672E-02,-5.146212536653477E-02,2.552481925120865E+00,2.999999999999786E-06,2.339805558198654E-05,6.225117014175527E-08,8.400093396363127E-04,1.053003168227577E-03
-1.512000000000000E+00,6.698915679764908E-02,-5.124165548497030E-02,2.552534937996696E+00,2.999999999999786E-06,2.242814990662380E-05,5.741983110820525E-08,8.373331744604823E-04,1.049752772320282E-03
-1.638000000000000E+00,6.590841738419144E-02,-5.102118560340583E-02,2.552587950872526E+00,2.999999999999786E-06,2.161703824753163E-05,5.403882029507513E-08,8.289547324869886E-04,1.039355222325826E-03
-1.764000000000000E+00,6.485704854501848E-02,-5.076705773704419E-02,2.552607141945053E+00,2.999999999999786E-06,2.080592658843945E-05,5.065780948194500E-08,8.205762905134948E-04,1.028957672331370E-03
-1.890000000000000E+00,6.380567970584551E-02,-5.051292987068255E-02,2.552626333017580E+00,2.999999999999786E-06,2.019592618368150E-05,4.832739199079784E-08,8.125931534712525E-04,1.019052417224148E-03
-2.016000000000000E+00,6.277760723033493E-02,-5.022508075675299E-02,2.552614605803843E+00,2.999999999999786E-06,1.958592577892355E-05,4.599697449965066E-08,8.046100164290102E-04,1.009147162116926E-03
-2.141999999999999E+00,6.174953475482436E-02,-4.993723164282342E-02,2.552602878590105E+00,2.999999999999787E-06,1.909728057261625E-05,4.399001793188179E-08,8.019864232395315E-04,1.005968145612080E-03
-2.268000000000000E+00,6.074935707343473E-02,-4.961907659514947E-02,2.552564009706768E+00,2.999999999999787E-06,1.860863536630895E-05,4.198306136411290E-08,7.993628300500529E-04,1.002789129107235E-03
-2.394000000000000E+00,5.974917939204511E-02,-4.930092154747553E-02,2.552525140823432E+00,2.999999999999786E-06,1.814878795218117E-05,4.001814109122453E-08,7.996803419533222E-04,1.003289020079731E-03
-2.520000000000000E+00,5.881630158117219E-02,-4.896867511617500E-02,2.552465942033546E+00,2.999999999999786E-06,1.768894053805339E-05,3.805322081833616E-08,7.999978538565915E-04,1.003788911052227E-03
-2.646000000000000E+00,5.788342377029927E-02,-4.863642868487448E-02,2.552406743243660E+00,2.999999999999786E-06,1.729340221573772E-05,3.653336013088288E-08,7.980164761324318E-04,1.001382956378443E-03
-2.772000000000000E+00,5.700689662957344E-02,-4.829021798644038E-02,2.552332030484794E+00,2.999999999999787E-06,1.689786389342206E-05,3.501349944342959E-08,7.960350984082720E-04,9.989770017046593E-04
-2.898000000000000E+00,5.613036948884761E-02,-4.794400728800630E-02,2.552257317725927E+00,2.999999999999787E-06,1.658578076661978E-05,3.388249758807251E-08,7.937341209757419E-04,9.961529302308966E-04
-3.024000000000000E+00,5.529702974957398E-02,-4.758173273960151E-02,2.552170958881431E+00,2.999999999999787E-06,1.627369763981751E-05,3.275149573271543E-08,7.914331435432118E-04,9.933288587571337E-04
-3.150000000000000E+00,5.446369001030035E-02,-4.721945819119673E-02,2.552084600036936E+00,2.999999999999787E-06,1.604638943770026E-05,3.186497978368337E-08,7.918968230891199E-04,9.939676562060996E-04
-3.276000000000000E+00,5.366628393016735E-02,-4.684039247206770E-02,2.551990524471959E+00,2.999999999999787E-06,1.581908123558301E-05,3.097846383465131E-08,7.923605026350281E-04,9.946064536550654E-04
-3.402000000000000E+00,5.286887785003436E-02,-4.646132675293866E-02,2.551896448906983E+00,2.999999999999786E-06,1.566281937098687E-05,3.033405233390724E-08,7.938559177305084E-04,9.965173026128551E-04
-3.528000000000000E+00,5.211107586873462E-02,-4.606932446933063E-02,2.551799636740887E+00,2.999999999999787E-06,1.550655750639073E-05,2.968964083316316E-08,7.953513328259889E-04,9.984281515706449E-04
-3.654000000000000E+00,5.135327388743487E-02,-4.567732218572260E-02,2.551702824574791E+00,2.999999999999787E-06,1.544407611327010E-05,2.947993467153976E-08,7.946533337517521E-04,9.975554055745804E-04
-3.780000000000000E+00,5.061982335434165E-02,-4.526586297422774E-02,2.551605477240077E+00,2.999999999999786E-06,1.538159472014947E-05,2.927022850991635E-08,7.939553346775154E-04,9.966826595785160E-04
-3.906000000000000E+00,4.988637282124842E-02,-4.485440376273287E-02,2.551508129905363E+00,2.999999999999786E-06,1.543239703868937E-05,2.956065758143020E-08,7.910484757162288E-04,9.930048432378131E-04
-4.032000000000000E+00,4.916172569011569E-02,-4.441492188835029E-02,2.551412040641044E+00,2.999999999999786E-06,1.548319935722926E-05,2.985108665294405E-08,7.881416167549422E-04,9.893270268971101E-04
-4.157999999999999E+00,4.843707855898297E-02,-4.397544001396772E-02,2.551315951376725E+00,2.999999999999786E-06,1.566881632825171E-05,3.076177486447128E-08,7.827236526843906E-04,9.824631817308641E-04
-4.284000000000000E+00,4.770590815518662E-02,-4.349766491555283E-02,2.551222881378042E+00,2.999999999999786E-06,1.585443329927415E-05,3.167246307599851E-08,7.773056886138391E-04,9.755993365646184E-04
-4.410000000000000E+00,4.697473775139027E-02,-4.301988981713794E-02,2.551129811379359E+00,2.999999999999786E-06,1.620728586858131E-05,3.332050799840486E-08,7.716661877534368E-04,9.684407397268454E-04
-4.536000000000000E+00,4.621562086981953E-02,-4.248780668383636E-02,2.551040893686042E+00,2.999999999999786E-06,1.656013843788847E-05,3.496855292081121E-08,7.660266868930346E-04,9.612821428890726E-04
-4.662000000000000E+00,4.545650398824878E-02,-4.195572355053478E-02,2.550951975992725E+00,2.999999999999786E-06,1.708155458414337E-05,3.741549637582045E-08,7.613732793112097E-04,9.553487951291138E-04
-4.788000000000000E+00,4.466006470502085E-02,-4.136027447204715E-02,2.550870110405044E+00,2.999999999999786E-06,1.760297073039827E-05,3.986243983082968E-08,7.567198717293848E-04,9.494154473691550E-04
-4.914000000000000E+00,4.386362542179292E-02,-4.076482539355952E-02,2.550788244817363E+00,2.999999999999786E-06,1.828989067181843E-05,4.338388138204770E-08,7.506666738311938E-04,9.417160725636559E-04
-5.040000000000000E+00,4.301644017100292E-02,-4.009342338186550E-02,2.550715999444440E+00,2.999999999999786E-06,1.897681061323859E-05,4.690532293326571E-08,7.446134759330028E-04,9.340166977581569E-04
-5.166000000000000E+00,4.216925492021293E-02,-3.942202137017148E-02,2.550643754071517E+00,2.999999999999786E-06,1.982706842960135E-05,5.197994083221106E-08,7.343719222615661E-04,9.210587869457115E-04
-5.292000000000000E+00,4.124990399183544E-02,-3.865477355410927E-02,2.550583270500905E+00,2.999999999999786E-06,2.067732624596411E-05,5.705455873115641E-08,7.241303685901295E-04,9.081008761332662E-04
-5.418000000000000E+00,4.033055306345794E-02,-3.788752573804706E-02,2.550522786930293E+00,2.999999999999786E-06,2.169970808061101E-05,6.444287746916072E-08,7.082709072646123E-04,8.881026250811049E-04
-5.544000000000000E+00,3.929687542041846E-02,-3.698531757358952E-02,2.550475598714071E+00,2.999999999999786E-06,2.272208991525792E-05,7.183119620716503E-08,6.924114459390951E-04,8.681043740289435E-04
-5.670000000000000E+00,3.826319777737899E-02,-3.608310940913198E-02,2.550428410497849E+00,2.999999999999786E-06,2.386313443088116E-05,8.266207808893402E-08,6.675741341850706E-04,8.368511223095958E-04
-5.795999999999999E+00,3.705726952142988E-02,-3.498969633043353E-02,2.550397161417699E+00,2.999999999999787E-06,2.500417894650439E-05,9.349295997070301E-08,6.427368224310460E-04,8.055978705902482E-04
-5.922000000000000E+00,3.585134126548076E-02,-3.389628325173508E-02,2.550365912337549E+00,2.999999999999787E-06,2.613880642220200E-05,1.101474054256396E-07,6.029089704947430E-04,7.555405000193960E-04
-6.048000000000000E+00,3.430854053490823E-02,-3.245247713118048E-02,2.550354250859704E+00,2.999999999999787E-06,2.727343389789960E-05,1.268018508805762E-07,5.630811185584401E-04,7.054831294485437E-04
-6.173999999999999E+00,3.276573980433570E-02,-3.100867101062588E-02,2.550342589381859E+00,2.999999999999787E-06,2.727343389789960E-05,3.233568985832436E-07,3.251666414058534E-04,4.388287701951966E-04
-6.300000000000000E+00,3.276573980433570E-02,-3.100867101062588E-02,2.550342589381859E+00,2.999999999999787E-06,2.727343389789960E-05,5.199119462859110E-07,8.725216425326676E-05,1.721744109418496E-04
